
4,18,20,21,22,25,29,32,33,34,35,36,37,38,39,40,43,44,45
2,18,26,30,35
2,5,18,32,34,45
18,36,45
7,9,10,11,12,13,14,15,16,19,20,36,45
6,17,18,20,45
6,18
6,17,18,45
8,45
6,17,18,45
6,17,18,45
8,45
6,17,18,45
8,45
6,18,45
18
6,7,8,9,10,11,12,13,14,15,16,19,20,36,45
6,17,18,20,45
6,45
2,69,11,12,13,14,18,19,20,45
2,18,45
2,4,5,6,7,9,10,11,12,13,14,15,16,18,19,20,21,22,25,26,28,29,30,31,32,33,34,25,29,40,41,43,44,45
4,5,7,9,10,11,12,13,14,15,16,18,19,20,21,22,25,26,2829,30,31,32,33,34,35,39,40,41,43,44,45
2,18,45
2,18,21,27,45
1,2,18,20,36
18,20,3645
2,18,28,45
1,2,10,18,20,26,35,36,39,45
36,45
2,18,31,45
6,18,20,36,45
2,18,33,45
2,4,18,20,21,25,27,32,33,34,35
45
2,18,20,45
2,18,20,45
2,18,45
2,18,36,41,45
42,45

2,45
2,45
4,5,7,9,11,12,13,14,15,16,19,21,22,25,26,28,29,30,31,32,33,34,35,39,40,41,43,44
