8,17,21,32,46
8,17,21,32,46
4,12,25,30,32,46
8,21,32,46
28
8,21,32,46
8,21,25,46
21


8,21,25,46
7,9,10,11,14,21,25,28,31,32,35,37,46,51,55,60

21

8,21,32,46

8,13,21,28,32,46
8,21,32,46,49
10,21,25,32,44,46
5,8,11,28,49
21,46,47
8,21,28,32,46
8,21,25,46
8,21,32,46
8,21,32,46


8,21,32,46
8,21,25,46

8,10,21,28,36,44,46,48,58
38,52,55,60,61
8,21,32,46
13,21,25,32,46

7,11,35
14,15,21,25,28,29,31,32,33,36,39,42,46,48,49,55,60,61
8,21,32,44,46
8,21,32,46
8,21,31,32,46,58
10,21,25,28,31,32,36,43,55
8,21,31,32,46

8,21,32,46

46
8,21,32

7,9,10,11,20,21,22,25,28,32,35,36,37,39,46,47,55,60,61
7,9,11,13,15,20,21,22,31,35,36,37,39,46,47,55,59
14,21,28,31,33,38,55,60,61
15,27,31,36
8,21,46,56
8,10,15,21,25,27,29,32,36,43,46,53
8,21,32,46
8,21,46,56
8,21,28,32,44,46
35
21,55,61
55
