70 - 119
17,1,36,2,18,42,25,5,27,43,39,28,30,22,34,31,32,26,4,29,41,35,44,6,3,20,9,8,15,11,37,7,12,40,19,16,13,14,33,21,45,10,24,23,38,
146 - 87
45,36,1,2,43,6,20,31,8,16,18,39,17,25,42,10,32,27,26,41,28,35,33,30,19,29,14,3,5,11,40,44,12,34,7,22,37,9,13,15,4,21,24,23,38,
58 - 104
36,18,28,42,6,2,31,22,8,5,1,32,39,17,29,43,25,44,20,14,12,27,9,11,4,21,30,7,16,26,13,37,41,38,40,15,33,19,34,45,35,3,10,23,24,
130 - 85
36,18,1,2,31,42,45,17,6,20,25,28,14,27,11,33,41,43,32,8,12,38,39,9,37,10,19,44,5,21,22,34,4,16,35,7,26,30,29,15,13,3,40,23,24,
55 - 89
1,36,6,18,20,41,2,17,22,5,40,42,31,37,27,44,38,32,39,14,19,33,8,34,9,28,13,11,12,10,25,29,21,30,26,16,15,4,43,35,3,7,45,23,24,
145 - 80
42,36,41,17,31,2,1,25,45,5,32,6,14,9,20,19,8,11,10,16,7,12,40,13,18,37,43,33,34,22,44,21,39,27,4,28,15,26,35,30,3,29,38,23,24,
52 - 92
41,1,36,6,31,18,17,33,20,2,27,8,13,39,38,19,5,32,10,11,12,44,14,30,34,9,4,28,21,26,7,25,16,40,35,43,42,3,22,29,15,45,23,37,24,
166 - 90
45,17,36,1,41,27,28,31,6,14,20,8,19,9,15,2,16,25,11,13,7,12,10,18,43,21,32,35,39,26,40,44,22,38,33,30,29,3,37,5,34,4,24,42,23,
61 - 98
41,1,17,36,18,2,25,40,6,31,20,14,28,8,5,33,39,32,34,16,22,4,19,38,13,44,43,9,10,11,15,7,12,37,30,29,21,27,42,45,26,35,3,23,24,
143 - 94
42,1,17,36,2,27,45,26,6,20,12,9,18,8,5,15,33,31,43,44,11,28,38,37,13,16,41,14,39,22,10,30,29,40,7,32,19,25,34,21,4,35,3,23,24,
50 - 94
1,36,18,41,17,6,20,7,14,33,31,28,2,19,25,42,8,9,32,12,38,11,21,39,30,27,10,13,29,44,34,40,5,26,4,22,16,43,35,45,3,15,37,24,23,
151 - 78
17,1,45,36,2,42,6,8,16,15,9,11,31,13,41,22,10,25,14,20,19,18,28,43,37,32,27,7,5,4,12,33,29,34,39,21,35,26,30,40,3,38,44,23,24,
56 - 95
36,18,2,25,1,6,44,17,31,43,16,8,33,34,5,32,4,10,20,11,41,15,19,27,35,12,28,9,37,14,39,21,42,26,30,7,3,40,22,38,29,45,13,23,24,
132 - 86
36,18,2,25,1,45,22,17,6,11,20,42,14,33,34,8,28,10,31,5,19,4,37,27,9,15,41,13,12,32,21,35,26,39,30,38,3,40,29,43,16,44,7,24,23,
50 - 93
1,36,18,17,41,6,31,20,33,42,12,2,8,28,9,14,43,7,10,37,16,32,34,44,11,19,40,39,5,4,30,27,21,29,26,25,15,35,22,45,3,38,13,23,24,
143 - 79
17,45,1,36,2,31,25,6,11,14,9,12,20,19,18,27,33,7,21,34,39,8,44,15,10,41,32,26,5,16,4,35,43,40,30,28,37,13,42,38,22,29,3,23,24,
56 - 95
17,1,36,18,42,31,2,22,43,6,20,41,16,8,28,44,25,15,12,29,19,27,11,32,9,7,39,5,30,14,33,34,4,21,40,45,35,37,38,10,13,26,3,23,24,
157 - 84
17,36,1,5,45,42,2,25,43,41,40,31,6,8,9,20,14,13,10,19,15,11,12,18,27,21,39,32,26,16,35,38,30,3,33,34,37,28,44,4,29,7,22,23,24,
48 - 94
36,6,18,33,17,2,5,22,31,14,32,39,20,9,25,43,1,30,34,27,42,44,37,28,41,16,8,19,29,7,15,12,4,11,21,40,45,26,35,3,13,10,23,38,24,
76 - 76
36,31,6,8,20,18,2,42,5,41,17,32,22,28,33,39,34,25,44,16,4,1,40,14,43,38,29,13,12,37,19,11,7,27,9,45,21,26,35,10,30,15,23,3,24,
62 - 88
41,17,1,42,36,6,18,5,2,31,11,8,20,27,7,38,19,28,32,33,22,12,10,34,44,4,14,43,9,16,21,25,15,26,39,40,29,35,37,30,13,3,45,24,23,
144 - 84
41,17,1,36,45,5,2,40,31,6,11,16,20,19,8,14,18,27,39,38,44,25,32,37,22,13,9,15,4,10,43,12,21,28,29,26,35,33,30,7,34,23,42,24,3,
55 - 101
1,36,18,2,28,17,43,41,31,39,25,22,40,29,5,6,9,20,14,32,8,10,37,11,12,27,30,19,33,21,34,26,44,42,4,7,16,45,38,35,13,3,15,24,23,
135 - 79
1,17,36,31,6,2,22,5,14,25,32,12,45,11,8,20,10,15,19,7,9,18,33,28,34,38,37,4,43,21,42,39,27,35,41,13,26,40,44,30,16,3,29,24,23,
48 - 84
36,17,6,18,20,11,5,31,33,1,2,8,13,16,19,14,28,9,10,27,43,7,12,32,42,21,44,34,29,41,15,25,38,4,26,39,30,40,35,3,37,22,45,23,24,
123 - 93
36,18,31,1,42,2,28,41,5,45,17,43,32,6,25,8,20,27,4,11,14,26,39,12,22,35,13,38,9,10,15,19,44,21,30,40,33,34,7,3,37,16,29,23,24,
58 - 97
42,1,36,6,18,2,31,27,43,32,5,41,17,44,25,20,39,33,14,28,26,8,16,29,30,34,4,19,35,40,11,3,38,9,7,22,15,12,21,45,13,10,37,23,24,
134 - 85
42,1,36,45,6,20,31,18,33,2,34,38,25,43,32,27,26,5,35,17,12,39,28,22,30,14,37,11,8,7,29,3,16,9,4,41,13,40,10,19,15,21,44,23,24,
50 - 87
17,1,36,6,20,18,12,33,31,2,5,41,22,19,39,28,8,40,42,27,10,9,25,11,34,30,13,14,32,4,21,37,26,38,43,35,15,7,16,44,29,3,45,23,24,
141 - 81
1,17,36,31,42,5,45,41,6,14,9,12,20,19,18,2,27,25,32,11,21,4,26,39,35,16,30,3,8,28,15,10,38,33,34,29,7,40,37,44,13,22,43,23,24,
70 - 117
41,1,36,18,2,42,31,34,39,30,5,32,27,25,4,17,35,26,43,3,22,44,40,6,9,20,11,19,8,38,28,37,13,12,14,16,21,33,29,7,45,15,10,23,24,
145 - 86
17,1,45,36,6,20,18,31,42,2,32,27,25,26,28,39,35,41,11,30,5,7,12,40,3,22,43,14,8,29,33,10,9,44,38,19,37,16,13,34,4,21,15,23,24,
45 - 86
36,6,20,18,33,2,28,1,43,17,41,5,29,31,8,42,14,10,32,19,44,39,37,12,25,40,13,34,22,4,9,15,27,16,30,7,38,11,21,26,35,45,23,24,3,
131 - 76
45,36,31,6,20,18,2,17,8,12,42,5,1,25,11,33,27,38,15,19,34,14,10,28,41,29,44,16,13,9,21,32,4,7,22,40,43,26,39,35,37,30,3,24,23,
57 - 104
42,1,36,18,31,17,2,27,43,25,5,6,44,8,39,10,32,14,12,11,22,9,20,28,19,29,30,21,33,26,15,34,4,35,41,38,3,37,16,40,7,13,45,23,24,
137 - 77
42,17,36,1,45,6,14,8,20,18,31,41,2,28,44,10,32,37,19,27,7,25,33,34,5,11,9,4,12,39,21,26,35,30,3,40,15,16,13,43,29,22,38,23,24,
58 - 97
17,36,1,31,18,5,2,6,42,8,32,22,20,25,11,39,43,27,4,38,41,14,30,10,16,33,28,29,19,13,7,9,12,21,34,35,15,40,26,3,44,45,37,24,23,
141 - 93
45,1,36,18,2,31,5,28,32,29,4,42,25,22,6,41,17,43,20,27,26,11,8,19,7,35,10,39,13,44,33,14,9,38,37,34,12,30,21,3,16,40,15,23,24,
51 - 90
41,1,36,6,31,18,17,16,20,7,19,33,2,40,8,12,28,9,11,34,14,15,5,21,27,29,13,37,43,39,32,4,30,42,25,26,22,35,3,44,10,45,38,23,24,
68 - 93
41,1,36,17,2,28,6,20,16,9,19,8,18,33,11,10,29,27,7,15,26,42,14,31,32,25,13,12,39,30,34,43,5,21,37,22,4,35,3,44,40,38,45,23,24,
60 - 109
42,1,36,18,5,2,37,27,6,33,17,43,34,31,41,32,20,11,22,39,30,28,26,4,8,12,7,29,19,25,9,14,21,16,15,13,38,40,44,10,35,3,45,24,23,
130 - 77
42,45,36,1,17,31,6,8,20,18,11,41,33,7,2,22,5,32,19,39,25,28,44,27,14,13,9,43,15,12,34,21,26,10,37,4,40,35,16,30,29,3,23,24,38,
49 - 97
1,36,18,17,6,31,33,2,42,32,5,16,8,20,15,37,43,41,40,9,22,7,14,12,44,11,39,34,4,28,29,25,27,30,10,19,21,45,26,35,13,3,24,23,38,
129 - 76
1,36,31,45,6,20,18,2,42,22,17,5,8,11,32,14,33,27,10,9,41,12,44,19,34,37,4,21,15,25,16,35,39,28,43,40,7,13,26,29,30,3,24,23,38,
55 - 101
1,36,18,5,2,31,17,43,28,25,41,39,22,40,32,6,9,12,8,20,14,33,38,16,27,19,29,13,11,34,30,4,37,42,44,21,26,7,45,35,3,10,15,23,24,
137 - 74
1,17,36,6,8,20,12,11,9,45,19,14,18,2,38,42,44,27,31,32,25,28,22,29,5,43,4,39,21,41,35,15,40,13,7,16,37,26,10,30,3,33,34,23,24,
48 - 94
1,36,6,18,33,2,43,17,31,14,20,32,5,12,8,9,13,19,15,39,11,44,28,27,38,30,41,42,34,4,25,29,21,16,26,35,3,37,10,22,7,40,45,24,23,
139 - 84
45,17,42,36,1,6,18,2,31,14,12,32,41,8,5,20,9,43,44,27,39,10,4,19,37,11,28,22,33,21,34,25,35,26,30,7,3,13,15,38,29,40,16,24,23,
54 - 83
41,17,42,1,36,6,20,18,33,2,8,5,44,14,31,11,15,28,12,27,29,9,22,38,19,32,34,21,26,16,4,10,39,40,25,7,35,30,13,37,3,43,45,23,24,
135 - 81
45,17,42,1,36,6,31,14,20,12,18,33,8,41,2,34,5,32,4,27,10,26,19,35,28,39,9,30,3,11,21,38,29,7,15,22,16,37,40,43,13,25,44,23,24,
59 - 102
17,1,36,18,2,41,5,22,6,31,12,44,8,32,16,40,15,39,10,20,9,13,19,28,33,11,34,14,42,4,30,21,25,27,35,37,29,26,3,7,43,45,38,23,24,
166 - 94
17,1,36,45,31,2,25,22,6,20,7,16,8,32,10,15,5,42,4,9,12,14,13,19,43,11,40,18,39,21,44,37,30,27,26,38,28,35,3,33,34,41,29,23,24,
47 - 90
1,36,18,31,6,17,20,33,5,28,8,15,13,2,10,11,7,43,14,41,34,9,44,32,39,42,40,22,4,19,29,12,21,38,16,27,26,30,25,35,37,45,3,23,24,
138 - 69
1,36,17,45,6,14,20,19,12,8,5,10,15,9,16,11,13,18,2,43,31,28,39,44,42,32,41,21,33,7,29,34,25,27,40,26,38,37,4,35,22,30,3,23,24,
47 - 85
36,6,20,18,17,5,31,8,1,10,28,42,9,33,12,2,16,27,32,19,34,26,4,43,37,39,44,29,14,30,25,35,11,41,3,22,7,13,38,21,15,40,45,23,24,
158 - 82
1,17,36,2,45,31,25,6,20,8,12,9,27,14,11,19,10,18,21,39,35,5,42,7,26,30,16,15,3,44,28,13,29,33,38,37,32,41,34,4,43,22,40,23,24,
48 - 89
1,17,36,6,18,5,20,33,8,13,28,2,39,16,7,9,22,12,27,25,43,34,31,32,19,38,41,11,14,30,4,21,26,40,29,44,15,45,35,3,42,10,37,23,24,
84 - 72
1,17,36,31,6,20,9,16,8,10,11,14,19,18,13,2,12,42,38,28,39,32,33,34,7,5,4,44,25,27,41,21,29,35,37,15,43,45,26,22,30,3,40,23,24,
52 - 88
42,41,1,36,6,20,18,16,17,33,12,2,9,27,11,5,22,31,8,13,37,44,19,32,34,7,39,14,4,28,29,25,15,30,10,21,26,43,35,38,40,3,45,23,24,
141 - 83
42,1,41,36,17,6,12,8,16,13,20,18,2,27,45,11,25,35,14,19,9,39,21,28,26,10,5,30,31,7,3,32,22,33,34,4,29,40,43,38,15,37,44,23,24,
50 - 96
42,36,1,18,31,17,6,20,8,5,14,33,16,28,15,2,13,30,27,9,19,12,7,11,10,25,32,37,34,21,26,4,44,22,43,35,41,3,40,39,38,29,45,24,23,
136 - 78
42,36,1,45,31,17,6,20,14,18,5,2,41,8,27,44,13,43,11,32,9,33,19,10,12,7,25,21,34,15,28,4,26,39,35,29,30,3,37,40,16,22,38,24,23,
55 - 90
36,6,20,18,2,17,1,31,32,5,43,4,39,14,9,19,27,8,16,11,41,28,12,25,40,21,30,15,35,38,7,13,33,29,22,42,10,37,26,44,3,34,45,23,24,
113 - 96
36,1,18,17,2,28,6,29,41,25,31,20,5,39,44,43,22,27,45,8,40,19,32,14,4,35,26,10,30,16,7,12,3,33,15,38,13,9,42,11,21,34,37,23,24,
46 - 86
36,6,18,20,33,17,2,11,25,34,1,5,38,8,42,27,43,44,39,37,19,12,31,32,22,16,30,15,4,28,9,41,29,14,40,21,26,7,45,10,35,13,24,3,23,
152 - 78
42,17,36,1,45,2,22,31,25,6,20,11,12,8,27,15,19,10,16,14,13,9,21,18,39,41,44,33,26,38,34,37,5,32,7,4,40,35,30,3,43,28,29,24,23,
49 - 94
1,17,36,31,18,6,8,20,33,2,14,32,9,12,5,11,43,10,13,39,30,7,28,44,34,41,25,22,42,4,15,27,29,16,38,19,21,40,26,45,35,3,37,23,24,
127 - 75
1,17,36,45,31,6,20,16,18,33,2,9,27,42,14,12,5,19,11,21,26,38,7,34,28,25,8,32,10,22,41,39,37,44,4,40,35,13,29,15,30,3,43,23,24,
53 - 92
1,36,18,17,6,20,2,11,31,43,32,41,19,40,14,39,16,12,5,9,38,27,28,22,21,29,44,33,42,34,7,26,4,30,25,35,8,3,37,10,15,45,13,23,24,
132 - 90
36,18,31,1,45,5,2,32,17,6,20,28,33,29,42,34,41,19,27,26,40,12,4,39,44,25,22,35,9,30,43,8,15,7,37,16,38,13,14,10,3,11,21,23,24,
45 - 84
36,6,20,18,31,42,17,8,1,33,5,28,2,15,43,14,41,22,29,39,9,38,25,12,32,40,16,11,10,30,34,44,19,4,27,37,21,35,7,13,26,45,23,3,24,
122 - 76
1,17,36,41,31,45,6,8,15,20,16,18,5,13,33,11,28,2,19,40,25,34,14,32,10,44,37,7,22,12,9,4,27,21,35,43,29,39,38,42,26,30,23,3,24,
63 - 113
42,1,36,18,5,2,44,39,31,17,43,28,32,30,29,25,4,41,40,22,27,6,8,13,20,33,34,19,35,16,10,14,9,12,11,26,3,7,37,38,15,21,45,24,23,
144 - 105
42,1,36,2,31,32,34,43,22,17,41,45,6,27,18,28,5,8,11,26,4,12,16,20,40,14,25,19,38,39,10,44,35,9,30,29,7,21,13,15,37,33,3,24,23,
54 - 90
41,1,17,42,36,6,20,18,11,31,28,16,33,8,15,2,19,39,29,43,5,34,10,7,12,9,14,44,40,32,21,27,30,37,4,25,35,26,3,13,38,22,45,24,23,
141 - 81
42,36,17,1,45,6,20,2,19,7,9,31,16,8,18,25,38,5,32,27,11,10,33,12,14,41,34,21,40,26,43,39,30,28,13,4,29,35,3,15,22,37,44,24,23,
54 - 96
41,17,1,36,18,31,6,20,7,33,2,5,32,8,14,39,30,12,9,34,27,19,28,44,4,11,43,13,22,40,29,21,26,10,15,25,37,42,38,16,45,35,3,23,24,
145 - 83
45,17,1,36,2,31,43,42,22,6,20,8,15,16,9,10,11,14,12,19,18,41,40,33,37,28,39,21,30,5,13,38,44,34,32,7,27,29,25,26,4,35,3,23,24,
61 - 98
42,1,36,18,41,17,6,2,8,20,39,16,38,22,14,11,33,9,34,31,25,12,44,32,28,7,29,5,21,10,40,4,27,30,43,45,15,26,35,3,37,13,19,23,24,
130 - 78
42,45,36,6,31,20,18,2,17,28,5,9,1,16,32,27,33,11,12,14,22,19,43,21,8,10,41,15,39,34,4,26,25,35,29,30,7,40,13,3,38,37,44,23,24,
68 - 110
42,1,17,36,27,18,28,5,6,2,9,43,20,26,33,34,29,41,44,8,12,19,25,31,14,16,15,32,22,4,39,30,10,35,40,7,11,37,21,13,3,45,23,24,38,
135 - 96
41,1,17,36,45,18,2,25,27,26,5,43,6,12,20,37,14,33,42,8,39,34,10,13,11,16,31,7,32,40,4,28,29,35,9,30,3,19,44,22,15,21,24,23,38,
51 - 80
36,1,31,6,20,18,2,8,17,27,28,43,15,38,9,41,11,14,33,22,19,25,12,21,32,42,37,29,34,5,16,44,26,4,35,40,39,30,3,7,13,45,10,23,24,
139 - 81
36,45,6,16,1,8,20,18,2,27,26,17,25,15,28,43,42,41,7,12,33,31,29,34,22,37,10,40,39,38,9,32,19,35,30,11,3,14,5,4,21,13,44,23,24,
55 - 90
17,36,1,6,18,8,2,31,43,32,25,9,42,20,12,11,28,33,27,39,5,14,38,15,19,21,30,34,7,44,13,22,29,41,37,4,40,16,26,35,45,10,3,24,23,
138 - 80
17,1,42,36,31,45,6,12,20,18,2,27,37,28,5,41,43,14,32,9,8,10,40,11,4,13,19,21,25,22,35,39,33,26,30,34,15,16,7,3,38,44,29,23,24,
65 - 93
1,17,36,6,18,2,31,32,20,4,25,12,27,35,39,19,42,8,9,43,15,41,14,33,10,26,5,30,11,3,21,22,38,40,44,7,28,16,34,13,37,29,45,23,24,
141 - 80
1,17,36,45,31,6,9,14,20,18,12,2,27,32,11,41,5,4,8,19,21,10,26,39,22,35,28,30,25,3,37,7,38,44,33,34,43,16,13,15,29,40,24,23,42,
55 - 94
41,1,17,36,18,42,5,28,6,31,16,20,14,8,15,9,12,33,10,2,19,11,43,39,7,21,27,25,44,34,32,4,29,37,26,30,35,40,3,22,45,13,38,23,24,
153 - 80
45,1,17,36,2,31,42,5,6,25,8,10,11,16,15,13,43,9,41,12,14,20,19,18,37,28,32,27,21,4,39,26,35,30,33,40,3,34,44,22,29,7,24,23,38,
56 - 96
1,36,18,31,17,42,5,2,43,6,20,16,41,32,40,4,7,39,19,44,30,8,25,15,12,11,14,28,33,22,29,27,34,37,9,21,35,13,10,38,26,3,45,23,24,
111 - 83
1,36,6,20,18,31,33,2,32,17,45,16,27,8,15,10,12,5,14,34,42,26,39,19,28,30,29,38,22,7,9,43,11,4,25,21,35,3,13,41,40,44,37,23,24,
Tue Jul 28 22:35:57 BRT 2009

