Parametros:       	
	ants = 20
        alfa = 1.0
        beta = 1.0
        maxit = 40
        txevaporacao = 0.05
        t0 = 1.0
        tmin = 0.00001
        q0 = 0.75

Fronteira de Pareto: 
Atributos [157, 136, 178, 131, 162, 170]
Metodos [26,  29, 19,   33, 25, 23] 
Soluções:
[9, 4, 5, 17, 12, 3, 15, 19, 8, 21, 23, 20, 2, 16, 10, 22, 24, 18, 13, 1, 6, 25, 11, 14, 7]
[9, 17, 12, 3, 15, 21, 8, 23, 4, 20, 16, 10, 5, 22, 1, 19, 24, 2, 25, 7, 6, 18, 14, 13, 11]
[12, 3, 17, 19, 21, 23, 9, 20, 8, 2, 4, 15, 16, 5, 10, 22, 24, 18, 1, 25, 13, 7, 6, 11, 14]
[17, 12, 9, 3, 21, 23, 15, 20, 16, 22, 2, 4, 10, 7, 19, 8, 5, 24, 18, 25, 1, 6, 13, 14, 11] 
[12, 4, 5, 17, 3, 21, 23, 9, 8, 20, 2, 15, 16, 22, 7, 10, 19, 6, 14, 1, 24, 18, 11, 25, 13]
[15, 23, 17, 9, 12, 3, 21, 2, 4, 20, 16, 19, 8, 5, 22, 10, 24, 18, 6, 25, 13, 7, 14, 1, 11] 

Execucao 1: 
Atributos [136, 157, 170, 185, 214, 183]
Metodos [29, 26, 25, 20, 19, 22]
Solucoes: 
[9, 17, 12, 3, 15, 21, 8, 23, 4, 20, 16, 10, 5, 22, 1, 19, 24, 2, 25, 7, 6, 18, 14, 13, 11] 
[15, 12, 3, 19, 4, 17, 21, 23, 20, 9, 5, 8, 16, 2, 10, 22, 6, 24, 7, 1, 18, 25, 11, 14, 13] 
[12, 2, 9, 15, 17, 4, 3, 8, 5, 21, 23, 20, 16, 10, 19, 22, 24, 18, 25, 13, 7, 6, 1, 14, 11] 
[12, 9, 17, 3, 19, 21, 2, 4, 15, 8, 23, 20, 5, 16, 22, 10, 24, 6, 18, 7, 13, 1, 11, 14, 25] 
[12, 9, 3, 19, 23, 17, 21, 20, 2, 4, 22, 15, 16, 5, 10, 24, 18, 25, 13, 7, 6, 1, 14, 11, 8] 
[15, 4, 12, 17, 9, 5, 3, 19, 21, 23, 20, 2, 8, 16, 22, 10, 24, 18, 1, 7, 6, 25, 13, 14, 11]

Execucao 2: 
Atributos [136, 157, 183, 131, 162, 184]
Metodos [29, 26, 22, 33, 25, 19]
Solucoes
[9, 12, 17, 3, 8, 4, 21, 15, 23, 20, 16, 22, 19, 10, 24, 2, 5, 18, 7, 6, 1, 13, 11, 25, 14] 
[17, 4, 5, 9, 12, 3, 19, 21, 23, 15, 20, 8, 16, 22, 1, 10, 2, 24, 18, 6, 25, 13, 7, 11, 14] 
[9, 4, 5, 17, 12, 3, 15, 19, 8, 21, 23, 20, 2, 16, 10, 22, 24, 18, 13, 1, 6, 25, 11, 14, 7] 
[17, 12, 9, 3, 21, 23, 15, 20, 16, 22, 2, 4, 10, 7, 19, 8, 5, 24, 18, 25, 1, 6, 13, 14, 11] 
[12, 4, 5, 17, 3, 21, 23, 9, 8, 20, 2, 15, 16, 22, 7, 10, 19, 6, 14, 1, 24, 18, 11, 25, 13] 
[9, 17, 12, 23, 3, 15, 19, 21, 8, 20, 2, 4, 16, 10, 22, 5, 1, 25, 11, 24, 7, 18, 13, 6, 14]


Execucao 3:
Atributos [157, 136, 170, 184]
Metodos [26, 29, 23, 19]
Solucoes:
[4, 17, 5, 12, 3, 15, 19, 21, 23, 9, 20, 8, 16, 22, 10, 2, 25, 24, 18, 13, 6, 1, 14, 7, 11] 
[17, 12, 15, 3, 21, 9, 4, 5, 8, 23, 20, 16, 2, 6, 22, 10, 14, 19, 7, 24, 18, 1, 25, 13, 11] 
[15, 23, 17, 9, 12, 3, 21, 2, 4, 20, 16, 19, 8, 5, 22, 10, 24, 18, 6, 25, 13, 7, 14, 1, 11] 
[15, 9, 23, 17, 12, 3, 19, 21, 20, 2, 8, 4, 16, 22, 10, 24, 18, 5, 6, 7, 25, 13, 14, 1, 11]

Execucao 4:
Atributos [157, 136, 131, 178, 168]
Metodos [26, 29, 33, 19, 25]
Solucoes:
[12, 15, 17, 4, 3, 19, 21, 23, 20, 9, 8, 5, 16, 1, 10, 22, 2, 6, 14, 24, 7, 25, 11, 18, 13] 
[17, 15, 9, 12, 3, 21, 23, 8, 4, 20, 16, 2, 22, 19, 10, 5, 24, 1, 11, 18, 7, 6, 25, 14, 13] 
[12, 3, 17, 21, 9, 23, 15, 8, 20, 16, 2, 4, 22, 25, 7, 19, 10, 1, 11, 5, 24, 18, 6, 13, 14] 
[12, 3, 17, 19, 21, 23, 9, 20, 8, 2, 4, 15, 16, 5, 10, 22, 24, 18, 1, 25, 13, 7, 6, 11, 14] 
[9, 4, 23, 12, 17, 3, 21, 20, 5, 2, 15, 16, 22, 10, 19, 7, 24, 18, 13, 1, 6, 25, 14, 8, 11]

Execucao 5: 
Atributos [157, 136, 184, 168, 183]
Metodos [26, 29, 19, 25, 22]
Solucoes: 
[12, 3, 4, 19, 17, 15, 21, 9, 23, 20, 8, 5, 16, 2, 22, 6, 25, 10, 24, 18, 14, 7, 1, 13, 11] 
[9, 15, 12, 4, 3, 5, 8, 17, 21, 23, 20, 16, 2, 10, 19, 22, 24, 6, 18, 13, 7, 1, 14, 25, 11] 
[23, 15, 12, 3, 9, 19, 17, 21, 20, 2, 4, 16, 22, 5, 10, 24, 8, 18, 1, 6, 14, 7, 25, 13, 11] 
[4, 5, 15, 12, 23, 3, 9, 17, 21, 20, 2, 8, 16, 10, 22, 19, 24, 25, 18, 13, 6, 14, 1, 11, 7] 
[17, 4, 5, 15, 12, 9, 3, 19, 21, 23, 20, 2, 16, 22, 8, 10, 7, 24, 6, 18, 1, 25, 11, 13, 14]




