Parametros:        
	ants = 45
        alfa = 1.0
        beta = 1.0
        maxit = 80
        txevaporacao = 0.05
        t0 = 1.0
        tmin = 0.00001
        q0 = 0.75

Fronteira de Pareto:
Atributos [19] 
Metodos [11]
Solucoes: 
[13, 9, 10, 15, 17, 27, 28, 5, 49, 21, 8, 14, 31, 46, 36, 53, 44, 47, 22, 54, 32, 1, 23, 2, 4, 6, 16, 18, 19, 25, 7, 11, 20, 24, 26, 40, 29, 48, 39, 30, 45, 34, 58, 35, 56, 37, 41, 43, 55, 42, 57, 59, 51, 61, 60, 12, 50, 3, 38, 52, 33]

Execucao 1
Atributos [19] 
Metodos [11]
Solucoes: 
[13, 9, 10, 15, 17, 27, 28, 5, 49, 21, 8, 14, 31, 46, 36, 53, 44, 47, 22, 54, 32, 1, 23, 2, 4, 6, 16, 18, 19, 25, 7, 11, 20, 24, 26, 40, 29, 48, 39, 30, 45, 34, 58, 35, 56, 37, 41, 43, 55, 42, 57, 59, 51, 61, 60, 12, 50, 3, 38, 52, 33]

Execucao 2
Atributos [19]
Metodods [11]
Solucoes: 
[46, 9, 10, 17, 13, 31, 15, 28, 5, 49, 27, 44, 36, 47, 53, 21, 14, 8, 22, 54, 32, 23, 1, 40, 56, 2, 4, 6, 16, 18, 19, 25, 7, 11, 20, 24, 26, 34, 30, 29, 35, 37, 39, 43, 45, 48, 55, 57, 42, 58, 61, 60, 41, 50, 59, 51, 12, 3, 38, 52, 33]

Exeucao 3
Atributos [19] 
Metodos [11]
Solucoes: 
[13, 9, 10, 15, 17, 27, 28, 5, 49, 21, 8, 14, 31, 46, 36, 53, 44, 47, 22, 54, 32, 1, 23, 2, 4, 6, 16, 18, 19, 25, 7, 11, 20, 24, 26, 40, 29, 48, 39, 30, 45, 34, 58, 35, 56, 37, 41, 43, 55, 42, 57, 59, 51, 61, 60, 12, 50, 3, 38, 52, 33]

Execucao 4
Atributos [19]
Metodos [11]
Solucoes:
[46, 9, 10, 17, 13, 31, 15, 28, 5, 49, 27, 44, 36, 47, 53, 21, 14, 8, 22, 54, 32, 23, 1, 40, 56, 2, 4, 6, 16, 18, 19, 25, 7, 11, 20, 24, 26, 34, 30, 29, 35, 37, 39, 43, 45, 48, 55, 57, 42, 58, 61, 60, 41, 50, 59, 51, 12, 3, 38, 52, 33]


Execucao 5
Atributos [19]
Metodos [11]
Solucoes: 
[28, 5, 9, 44, 10, 13, 15, 17, 27, 31, 36, 46, 47, 49, 53, 21, 8, 14, 22, 54, 32, 1, 2, 4, 6, 26, 16, 43, 18, 19, 23, 58, 25, 45, 7, 24, 11, 20, 56, 29, 30, 34, 35, 37, 39, 41, 40, 48, 55, 57, 42, 59, 51, 61, 60, 12, 50, 3, 38, 52, 33]

