Parametros:        
	ants = 45
        alfa = 1.0
        beta = 1.0
        maxit = 80
        txevaporacao = 0.05
        t0 = 1.0
        tmin = 0.00001
        q0 = 0.75


Fronteira de Pareto:
Atributo [130,129,53,52,48,45]
Metodo   [66,  67,68,71,74,76]
Solucoes: 
[45, 36, 17, 1, 6, 8, 31, 10, 12, 13, 15, 9, 20, 14, 19, 11, 16, 18, 5, 42, 28,33, 2, 27, 39, 34, 32, 4, 21, 25, 44, 26, 38, 43, 41, 35, 30, 7, 29, 3, 40, 37, 22, 24, 23]
[17, 36, 6, 16, 8, 14, 11, 13, 9, 15, 45, 10, 1, 20, 12, 19, 7, 18, 42, 33, 31,28, 2, 27, 29, 38, 21, 5, 41, 44, 39, 34, 26, 32, 40, 4, 22, 25, 35, 43, 37, 30, 3, 24, 23]
[36, 6, 17, 12, 16, 14, 11, 20, 9, 8, 13, 10, 19, 15, 18, 33, 2, 34, 5, 37, 39, 1, 42, 43, 27, 31, 32, 4, 25, 41, 38, 40, 21, 7, 26, 35, 22, 28, 44, 29, 30, 3, 45, 23, 24]
[17, 36, 6, 14, 1, 20, 12,16, 8, 13, 11, 19, 18, 31, 28, 33, 42, 2, 10, 37, 43, 5, 29, 32, 39, 38, 9, 25,34, 44, 4, 7, 21, 27, 35, 26, 22, 15, 30, 3, 41, 40, 45, 24, 23]
[42, 36, 6, 31, 8, 10, 1, 15, 13, 20, 16, 18, 33, 5, 2, 17, 12, 27, 34, 32, 43, 44, 9, 4, 41, 40, 28, 19, 29, 11, 14, 25, 21, 7, 39, 35, 22, 26, 30, 3, 38, 37, 45, 24, 23]
[36, 31, 1, 6, 16, 20, 18, 33, 17, 2, 42, 8, 43, 27,5, 19, 12, 34, 14, 25, 39, 11, 44, 13, 32, 28, 9, 15, 21, 4, 35, 41, 22, 10, 29, 26, 7, 30, 40, 45, 38, 3, 24, 23, 37]

Execucao 1
Atributos [129, 51, 59, 45, 56, 58, 131]
Metodos [67, 74, 68, 77, 71, 70, 66]
Solucoes: 
[17, 36, 6, 16, 8, 14, 11, 13, 9, 15, 45, 10, 1, 20, 12, 19, 7, 18, 42, 33, 31,28, 2, 27, 29, 38, 21, 5, 41, 44, 39, 34, 26, 32, 40, 4, 22, 25, 35, 43, 37, 30, 3, 24, 23]
[36, 1, 17, 31, 6, 12, 20, 9, 19, 14, 18, 11, 33, 2, 27, 32, 43, 8, 16, 5, 37, 28, 21, 25, 34, 4, 39, 29, 26, 42, 35, 38, 30, 22, 7, 13, 41, 3, 44, 15, 40, 45, 10, 24, 23]
[36, 31, 6, 20, 1, 17, 14, 11, 19, 8, 10, 13, 15, 12, 9, 16, 18, 33, 2, 5, 28, 27, 25, 42, 44, 37, 29, 34, 22, 32, 41, 4, 21, 39, 35,
 26, 7, 30, 3, 45, 43, 40, 38, 24, 23]
[1, 36, 31, 6, 20, 18, 33, 2, 28, 22, 42, 17, 25, 19, 16, 32, 5, 9, 12, 34, 14, 4, 43, 11, 38, 44, 7, 39, 37, 21, 27, 29
, 35, 26, 30, 8, 41, 40, 45, 10, 15, 3, 13, 23, 24]
[1, 36, 17, 31, 6, 19, 14, 9, 8, 20, 15, 10, 13, 16, 12, 18, 33, 2, 39, 28, 5, 11, 42, 41, 7, 27, 32, 37, 21, 34, 26, 43, 25, 44, 38, 4, 22, 29, 35, 30, 3, 40, 45, 24, 23]
[1, 36, 17, 6, 8, 20, 16, 14, 9, 13, 15, 10, 19, 11, 12, 18, 5, 31, 33, 28, 2, 42, 29, 21, 41, 40, 27, 32, 34, 4, 37, 7, 26, 25, 35, 30, 44, 22, 43, 38, 3, 45, 39, 24, 23]
[36, 1, 17, 45, 6, 20, 16, 19, 8, 31, 14, 15, 13, 7, 9, 11, 12, 10, 18, 33, 2, 5, 22, 39, 32, 25, 28, 44, 21, 34, 4, 42, 43, 41, 37, 27, 38, 29, 35, 26, 30, 40,3, 24, 23]

Execucao 2
Atributos [70, 46, 133, 91, 45]
Metodos [74, 76, 66, 70, 77]
Solucoes: 
[36, 17, 1, 6, 9, 14, 16, 20, 2, 31, 19, 12, 8, 11, 18, 42, 27, 5, 33, 32, 25,34, 39, 4, 21, 28, 35, 26, 43, 30, 3, 37, 41, 45, 22, 29, 10, 44, 15, 13, 38, 7, 40, 24, 23]
[36, 31, 1, 6, 8, 20, 18, 33, 2, 25, 28, 43, 32, 17, 5, 19, 7, 44, 9, 14, 13, 10, 11, 42, 12, 29, 38, 21, 34, 4, 27, 35, 41, 40, 39, 26, 22, 30, 16, 37, 45, 3, 15, 23, 24]
[45, 36, 1, 6, 20, 17, 14, 19, 31, 8, 15, 12, 16, 9, 11, 10, 13, 18, 5, 42, 41, 28, 33, 2, 22, 27, 38, 21, 32, 34, 4, 25, 26, 40, 29, 35, 39, 30, 3, 43, 37, 7, 44, 23, 24]
[36, 6, 17, 12, 1, 9, 20, 11, 31, 8, 13, 14, 16, 19, 18, 2, 42, 44, 27, 5, 33, 7, 21, 26, 25, 39, 34, 22, 32, 4, 41, 45, 10, 35, 30, 28, 40, 38, 15, 43, 37, 29, 24, 3, 23]
[1, 36, 6, 20, 18, 17, 5, 33, 42, 2, 11, 43, 16, 14, 31, 28, 9, 19, 39, 29, 12, 27, 41, 44, 22, 21, 7, 34,8, 32, 4, 15, 38, 25, 40, 26, 13, 10, 35, 30, 45, 37, 24, 23, 3]

Execucao 3
Atributos [70, 46, 133, 91, 45]
Metodos [74, 76, 66, 70, 77]
[36, 17, 1, 6, 9, 14, 16, 20, 2, 31, 19, 12, 8, 11, 18, 42, 27, 5, 33, 32, 25,34, 39, 4, 21, 28, 35, 26, 43, 30, 3, 37, 41, 45, 22, 29, 10, 44, 15, 13, 38, 7, 40, 24, 23], 
[36, 31, 1, 6, 8, 20, 18, 33, 2, 25, 28, 43, 32, 17, 5, 19, 7, 44, 9, 14, 13, 10, 11, 42, 12, 29, 38, 21, 34, 4, 27, 35, 41, 40, 39, 26, 22, 30, 16, 37, 45, 3, 15, 23, 24]
[45, 36, 1, 6, 20, 17, 14, 19, 31, 8, 15, 12, 16, 9,11, 10, 13, 18, 5, 42, 41, 28, 33, 2, 22, 27, 38, 21, 32, 34, 4, 25, 26, 40, 29,
 35, 39, 30, 3, 43, 37, 7, 44, 23, 24]
[36, 6, 17, 12, 1, 9, 20, 11, 31, 8, 13, 14, 16, 19, 18, 2, 42, 44, 27, 5, 33, 7, 21, 26, 25, 39, 34, 22, 32, 4, 41, 45, 10, 35, 30, 28, 40, 38, 15, 43, 37, 29, 24, 3, 23]
[1, 36, 6, 20, 18, 17, 5, 33, 42, 2, 11, 43, 16, 14, 31, 28, 9, 19, 39, 29, 12, 27, 41, 44, 22, 21, 7, 34, 8, 32, 4, 15, 38, 25, 40, 26, 13, 10, 35, 30, 45, 37, 24, 23, 3]

Execucao 4
Atributos [52, 130, 45, 49, 53]
Metodos [73, 66, 77, 75, 71]
[17, 36, 1, 6, 11, 9, 16, 8, 20, 19, 18, 14, 33, 13, 2, 31, 42, 12, 28, 39, 22, 34, 38, 5, 21, 32, 43, 15, 44, 41, 29, 4, 40, 25, 27, 26, 35, 30, 37, 3, 45, 10, 7, 24, 23]
[36, 1, 45, 17, 31, 6, 8, 14, 13, 11, 20, 12, 10, 9, 15, 19, 16, 18, 7, 28, 33, 2, 34, 38, 32, 27, 39, 44, 5, 21, 22, 4, 25, 43, 37, 29, 35, 42, 26, 30, 41, 3, 40, 23, 24] 
[1, 36, 6, 20, 18, 17, 9, 33, 19, 2, 8, 31, 15, 42, 5, 43, 14, 28, 38, 44, 29, 13, 11, 22, 39, 12, 7, 16, 10, 32, 27, 25, 37, 34, 21, 4, 35, 41, 26, 30, 40, 45, 3, 24, 23]
[17, 36, 1, 31, 6, 14, 20, 8, 15, 18, 16, 33, 10, 19, 2, 43, 37, 22, 12, 28, 11, 32, 34, 39, 9, 42, 25, 44, 21, 27, 13,29, 7, 5, 4, 26, 38, 35, 41, 30, 40, 45, 3, 24, 23]
[17, 36, 1, 6, 14, 31, 11,20, 8, 12, 9, 10, 19, 18, 33, 2, 15, 42, 37, 39, 25, 5, 13, 28, 44, 32, 7, 27, 38, 16, 29, 22, 34, 21, 4, 35, 43, 41, 26, 30, 40, 3, 45, 24, 23]]

Execucao 5
Atributos [130, 48, 45, 53, 52]
Metodos [66, 74, 76, 68, 71]
Solucoes: 
[45, 36, 17, 1, 6, 8, 31, 10, 12, 13, 15, 9, 20, 14, 19, 11, 16, 18, 5, 42, 28,33, 2, 27, 39, 34, 32, 4, 21, 25, 44, 26, 38, 43, 41, 35, 30, 7, 29, 3, 40, 37, 22, 24, 23]
[42, 36, 6, 31, 8, 10, 1, 15, 13, 20, 16, 18, 33, 5, 2, 17, 12, 27, 34, 32, 43, 44, 9, 4, 41, 40, 28, 19, 29, 11, 14, 25, 21, 7, 39, 35, 22, 26, 30, 3, 38, 37, 45, 24, 23]
[36, 31, 1, 6, 16, 20, 18, 33, 17, 2, 42, 8, 43, 27,5, 19, 12, 34, 14, 25, 39, 11, 44, 13, 32, 28, 9, 15, 21, 4, 35, 41, 22, 10, 29, 26, 7, 30, 40, 45, 38, 3, 24, 23, 37]
[36, 6, 17, 12, 16, 14, 11, 20, 9, 8, 13, 10, 19, 15, 18, 33, 2, 34, 5, 37, 39, 1, 42, 43, 27, 31, 32, 4, 25, 41, 38, 40, 21, 7, 26, 35, 22, 28, 44, 29, 30, 3, 45, 23, 24], 
[17, 36, 6, 14, 1, 20, 12,16, 8, 13, 11, 19, 18, 31, 28, 33, 42, 2, 10, 37, 43, 5, 29, 32, 39, 38, 9, 25,34, 44, 4, 7, 21, 27, 35, 26, 22, 15, 30, 3, 41, 40, 45, 24, 23]

