Parametros:        
	ants = 20
        alfa = 1.0
        beta = 1.0
        maxit = 40
        txevaporacao = 0.05
        t0 = 1.0
        tmin = 0.00001
        q0 = 0.75

Fronteira de Pareto:
Atributos [148, 146]
Metodos [26, 27]
Solucoes:
[6, 3, 9, 15, 18, 11, 10, 13, 17, 1, 16, 14, 7, 8, 4, 2, 19, 12, 5] 
[11, 9, 6, 3, 18, 13, 1, 17, 16, 15, 14, 2, 8, 19, 4, 5, 12, 7, 10]


Execucao 1
Atributos [148, 146]
Metodos [26, 27]
Solucoes:
[6, 3, 9, 15, 18, 11, 10, 13, 17, 1, 16, 14, 7, 8, 4, 2, 19, 12, 5] 
[11, 9, 6, 3, 18, 13, 1, 17, 16, 15, 14, 2, 8, 19, 4, 5, 12, 7, 10]

Execucao 2
Atributos [148, 146]
Metodos [26, 27]
Solucoes: 
[6, 18, 3, 9, 11, 13, 17, 1, 16, 14, 15, 5, 7, 4, 10, 8, 2, 19, 12] 
[9, 11, 18, 6, 3, 1, 13, 10, 15, 17, 16, 14, 2, 19, 5, 4, 7, 12, 8]

Execucao 3
Atributos [148, 146]
Metodos [26, 27]
Solucoes:
[18, 11, 6, 10, 17, 3, 9, 15, 1, 16, 13, 14, 8, 5, 7, 2, 19, 12, 4]
[11, 18, 17, 9, 6, 3, 15, 13, 16, 1, 14, 7, 8, 4, 10, 5, 2, 19, 12]

Execucao 4
Atributos [146, 148]
Metodos [27, 26]
Solucoes: 
[18, 17, 11, 9, 6, 3, 16, 15, 13, 14, 1, 2, 19, 4, 7, 10, 12, 5, 8]
[18, 17, 6, 11, 3, 9, 13, 15, 16, 1, 14, 2, 19, 5, 12, 7, 4, 10, 8]

Execucao 5
Atributos [146, 148]
Metodos [27, 26]
[11, 18, 17, 9, 6, 3, 13, 16, 14, 8, 10, 15, 1, 7, 4, 2, 19, 12, 5]
[6, 18, 3, 17, 9, 16, 11, 1, 14, 10, 13, 15, 4, 5, 7, 2, 19, 12, 8]
